2	8.2051246864e-07
3	4.1025577957e-07
4	4.1025623432e-07
5	4.1025623432e-07
6	1.2307682482e-06
7	1.2307682482e-06
8	1.6410244825e-06
9	2.4615364964e-06
10	7.3846093073e-05
11	6.5640970206e-06
12	7.3846090345e-06
13	9.4358892966e-06
14	1.1487170013e-05
15	1.3948706510e-05
16	1.5179474758e-05
17	1.9282035282e-05
18	2.2153828013e-05
19	3.2820486012e-05
20	3.7333302771e-05
21	4.3897399792e-05
22	3.8564070564e-05
23	4.7589704536e-05
24	4.7589704536e-05
25	6.2769179294e-05
26	6.1948667280e-05
27	6.9333276315e-05
28	7.4256349308e-05
29	8.5333263542e-05
30	9.8871713817e-05
31	1.0174350609e-04
32	1.0748709155e-04
33	1.3005117535e-04
34	1.4358962562e-04
35	1.6369217337e-04
36	2.1743571870e-04
37	1.9610240315e-04
38	1.8215369710e-04
39	1.7969216015e-04
40	1.5958961285e-04
41	1.9076907438e-04
42	1.8338446489e-04
43	1.9938445166e-04
44	1.9815368341e-04
45	2.1866648694e-04
46	2.4287159567e-04
47	2.7035875246e-04
48	2.3589724242e-04
49	2.5764081420e-04
50	2.6420491122e-04
51	3.4010228546e-04
52	3.5158945502e-04
53	3.1589717673e-04
54	3.3723049273e-04
55	3.8728173331e-04
56	3.5446124775e-04
57	3.5076894301e-04
58	3.5774329626e-04
59	4.0246120852e-04
60	4.3979451084e-04
61	8.8492235091e-04
62	4.8082011836e-04
63	5.0543548286e-04
64	5.1487137216e-04
65	5.2225598165e-04
66	7.3312760333e-04
67	7.7825577137e-04
68	9.6902484574e-04
69	6.3507640198e-04
70	7.7866602760e-04
71	8.4923007262e-04
72	8.4635827989e-04
73	6.8881994775e-04
74	7.2410197026e-04
75	7.7579423532e-04
76	1.0863580828e-03
77	9.6861458997e-04
78	7.7702500312e-04
79	8.0656344062e-04
80	8.3774290260e-04
81	8.6769159589e-04
82	8.9394798442e-04
83	1.8818446097e-03
84	1.0219478795e-03
85	1.1158965199e-03
86	1.5573320557e-03
87	1.0896401318e-03
88	1.1031785821e-03
89	1.1470759819e-03
90	1.6151781620e-03
91	1.2976399607e-03
92	3.3833818393e-03
93	2.8233822986e-03
94	2.2145622856e-03
95	3.0871769541e-03
96	1.7911780174e-03
97	1.7321011433e-03
98	3.0342539203e-03
99	3.2746639799e-03
100	1.9224599610e-03
101	1.9039984377e-03
102	5.1499444921e-03
103	2.0184598820e-03
104	3.5975355099e-03
105	3.0699461990e-03
106	2.3039981093e-03
107	2.4799979651e-03
108	2.3269724493e-03
109	2.8114848728e-03
110	3.1343564024e-03
111	2.5119979387e-03
112	2.2765109525e-03
113	2.4361005653e-03
114	2.6211260547e-03
115	5.0949701786e-03
116	2.7618438876e-03
117	3.6906636383e-03
118	3.1417410119e-03
119	4.0455351418e-03
120	3.6356893247e-03
121	3.3357921347e-03
122	4.2687144464e-03
123	4.2617400927e-03
124	4.0713812746e-03
125	3.7628687073e-03
126	7.0941480253e-03
127	7.4034811046e-03
128	7.8428653596e-03
129	4.0857402373e-03
130	8.5062494309e-03
131	5.6504569020e-03
132	4.2264580707e-03
133	4.4525091671e-03
134	4.5013296403e-03
135	4.4578424963e-03
136	5.0838932643e-03
137	6.9165071454e-03
138	4.6239962062e-03
139	4.7072781890e-03
140	4.8689190821e-03
141	5.8170208681e-03
142	5.3152776900e-03
143	5.4568160353e-03
144	5.1126111898e-03
145	6.3782511770e-03
146	5.3673802113e-03
147	5.8379439279e-03
148	6.4570203431e-03
149	7.2541478939e-03
150	9.3501461743e-03
151	6.2322000149e-03
152	1.3803475854e-02
153	9.7320945788e-03
154	8.5694288664e-03
155	8.6884031275e-03
156	8.1107625761e-03
157	6.9969173360e-03
158	7.1524043879e-03
159	8.5956852545e-03
160	8.2736342374e-03
161	8.3885059375e-03
162	8.1000959181e-03
163	8.5074801987e-03
164	8.9595823924e-03
165	8.8081979011e-03
166	9.5831716239e-03
167	2.3807159953e-02
168	1.9541727555e-02
169	9.4646076186e-03
170	1.0075889169e-02
171	1.1006760200e-02
172	1.1580298190e-02
173	9.1056335541e-03
174	1.0029940488e-02
175	1.0125530154e-02
176	1.0727786069e-02
177	1.1044503758e-02
178	1.0377427383e-02
179	1.1426452163e-02
180	2.1183572362e-02
181	1.2121425952e-02
182	1.1494144415e-02
183	1.1551990522e-02
184	1.1479785453e-02
185	1.1372298361e-02
186	1.1722246792e-02
187	1.2048400371e-02
188	1.1888810758e-02
189	1.3231578887e-02
190	1.2384400095e-02
191	1.2509528197e-02
192	1.5241833647e-02
193	2.4012287990e-02
194	1.5568807738e-02
195	1.4436090719e-02
196	1.3411271047e-02
197	1.3353424941e-02
198	1.3883886044e-02
199	1.3417424888e-02
200	1.4475885558e-02
201	1.4379885637e-02
202	1.4612911087e-02
203	1.8379472099e-02
204	2.1579469473e-02
205	1.5842448540e-02
206	1.5660294843e-02
207	1.5796910116e-02
208	1.6768806754e-02
209	1.6012294554e-02
210	1.7215575618e-02
211	1.7083883418e-02
212	2.7328387833e-02
213	2.3266442448e-02
214	1.7531472794e-02
215	1.8418036170e-02
216	1.8762241016e-02
217	1.8822958914e-02
218	1.8237523498e-02
219	1.8874240924e-02
220	2.4271159572e-02
221	2.2615776315e-02
222	1.9724291508e-02
223	1.9519573727e-02
224	2.0820905993e-02
225	1.9848599099e-02
226	2.0302752572e-02
227	2.1583982290e-02
228	2.6983362475e-02
229	2.2890647885e-02
230	2.1190136459e-02
231	2.1782135974e-02
232	2.2681417287e-02
233	2.2585827622e-02
234	2.2538237917e-02
235	4.1575760758e-02
236	2.7890848910e-02
237	2.4059057183e-02
238	2.3455980754e-02
239	2.4341313361e-02
240	2.5796901910e-02
241	2.9556078313e-02
242	2.7947464248e-02
243	2.5460081674e-02
244	2.5520799573e-02
245	2.7000593230e-02
246	2.6802849803e-02
247	2.9622950053e-02
248	2.8997309541e-02
249	2.8220284537e-02
250	2.9355052837e-02
251	2.7922028371e-02
252	2.8582950907e-02
253	3.1140077013e-02
254	3.1780486744e-02
255	3.0146436803e-02
256	4.3982322886e-02
257	3.0006949738e-02
258	3.8794634835e-02
259	3.6907456897e-02
260	3.1435871642e-02
261	3.1340281977e-02
262	3.2309717079e-02
263	4.2539862532e-02
264	3.4705612549e-02
265	3.2867255083e-02
266	3.3022331879e-02
267	3.4757304815e-02
268	6.0445078609e-02
269	3.5227458275e-02
270	3.4884073941e-02
271	3.5302945393e-02
272	4.2296580680e-02
273	4.9667241299e-02
274	3.6046739654e-02
275	3.6917303042e-02
276	3.6147252392e-02
277	5.0428266316e-02
278	3.7743148519e-02
279	3.7719353666e-02
280	3.8183353286e-02
281	4.7672166012e-02
282	4.0731453759e-02
283	3.9750941743e-02
284	3.9171660167e-02
285	5.7320158096e-02
286	4.1465812131e-02
287	4.1240171290e-02
288	4.2121401336e-02
289	5.4104981247e-02
290	4.3014939065e-02
291	4.3344374692e-02
292	4.3837502492e-02
293	5.7979029350e-02
294	4.4392989216e-02
295	4.4980065657e-02
296	4.6248987693e-02
297	5.9522002443e-02
298	4.6054116058e-02
299	4.6424987549e-02
300	5.2776161825e-02
301	5.2520982547e-02
302	4.8579652447e-02
303	4.9522831161e-02
304	6.1870308209e-02
305	5.0066830715e-02
306	4.9665190018e-02
307	6.2413897507e-02
308	5.2385598043e-02
309	5.1231547707e-02
310	5.9364053855e-02
311	5.2235854576e-02
312	5.2388469835e-02
313	5.6669491963e-02
314	5.5278313618e-02
315	5.4863544728e-02
316	5.6790927762e-02
317	5.7553183546e-02
318	5.5949082298e-02
319	6.2280974539e-02
320	6.1099437047e-02
321	5.7677080880e-02
322	8.2393368293e-02
323	5.8035234433e-02
324	5.9153592489e-02
325	7.2615325033e-02
326	6.1227026686e-02
327	6.0307642825e-02
328	7.6123014464e-02
329	6.1689795536e-02
330	6.1419026528e-02
331	7.4243631390e-02
332	6.2480358990e-02
333	7.8508243275e-02
334	6.6948457888e-02
335	6.4222306279e-02
336	7.9266806755e-02
337	6.5029279976e-02
338	8.4920545706e-02
339	6.7665585505e-02
340	6.7140457731e-02
341	7.5547014936e-02
342	6.8595636024e-02
343	8.5336545365e-02
344	7.0451634501e-02
345	7.9643832087e-02
346	7.1279121002e-02
347	7.1478915710e-02
348	1.2091477258e-01
349	7.2286709918e-02
350	1.0298042832e-01
351	7.3875221436e-02
352	9.5772639366e-02
353	7.4842195002e-02
354	9.3933461388e-02
355	7.6748654975e-02
356	9.0006079995e-02
357	7.7979833452e-02
358	7.8660858534e-02
359	9.0600951301e-02
360	7.9623729539e-02
361	9.1432540363e-02
362	8.0836036237e-02
363	1.0124053232e-01
364	8.2507829738e-02
365	1.0066535330e-01
366	8.3614290368e-02
367	9.8746995900e-02
368	8.5429673493e-02
369	1.1618739185e-01
370	9.2609565038e-02
371	8.8917670631e-02
372	9.6024536595e-02
373	9.2189462819e-02
374	1.0097878894e-01
375	9.0408130947e-02
376	1.0595314383e-01
377	9.0140233731e-02
378	1.0500545230e-01
379	9.3090795413e-02
380	1.1461816236e-01
381	1.0590637464e-01
382	1.1215621567e-01
383	1.1389200911e-01
384	1.1911620996e-01
385	1.1432564978e-01
386	1.0842821873e-01
387	1.0234453141e-01
388	1.1674246831e-01
389	1.0038145610e-01
390	1.1989036317e-01
391	1.1928646623e-01
392	1.0237858266e-01
393	1.2336236032e-01
394	1.1130944713e-01
395	1.1985385038e-01
396	1.2042205504e-01
397	1.0620586157e-01
398	1.2269405317e-01
399	1.4405895872e-01
400	1.1047129397e-01
401	1.2330328344e-01
402	1.2893609933e-01
403	1.2997732925e-01
404	1.1132749840e-01
405	1.3904234745e-01
406	1.3130040509e-01
407	1.1436790616e-01
408	1.3394040292e-01
409	1.4088070492e-01
410	1.1977385044e-01
411	1.2104318273e-01
412	1.3515188911e-01
413	1.4450367630e-01
414	1.2009836300e-01
415	1.4073137171e-01
416	1.4581116241e-01
417	1.4083516649e-01
418	1.2484994884e-01
419	1.4229239607e-01
420	1.5261936195e-01
421	1.4083106393e-01
422	1.3009055993e-01
423	1.7479493350e-01
424	1.6144273933e-01
425	1.4729752017e-01
426	1.5038551763e-01
427	1.3303989084e-01
428	1.5170900373e-01
429	1.5085895314e-01
430	1.5483310373e-01
431	1.5218572128e-01
432	1.3949362913e-01
433	1.6419555758e-01
434	1.5736725549e-01
435	1.6196868762e-01
436	1.7661277816e-01
437	1.8630794970e-01
438	1.6348417355e-01
439	1.7423616473e-01
440	1.6216314899e-01
441	1.4563639332e-01
442	1.7054180879e-01
443	1.6770406752e-01
444	1.7132293635e-01
445	1.6928437392e-01
446	1.6749278565e-01
447	1.7561339437e-01
448	1.8745625645e-01
449	1.7197729479e-01
450	1.7459472854e-01
451	1.5608233347e-01
452	1.5963433056e-01
453	1.7523924083e-01
454	1.8133359480e-01
455	2.0417829401e-01
456	2.0701726604e-01
457	1.8471533562e-01
458	1.7952641680e-01
459	1.8479615606e-01
460	1.8088969773e-01
461	1.9051307445e-01
462	2.0415121711e-01
463	1.8749400001e-01
464	2.4833702701e-01
465	2.2162484380e-01
466	1.9129050971e-01
467	1.9013112605e-01
468	1.9796373500e-01
469	2.0144270651e-01
470	2.0553460059e-01
471	1.9736599190e-01
472	1.9694671020e-01
473	1.9717153053e-01
474	2.0519860086e-01
475	2.1798587242e-01
476	2.0235880832e-01
477	2.0220250076e-01
478	2.1626648922e-01
479	2.0916085402e-01
480	2.2098976739e-01
481	2.0403880694e-01
482	2.2081704959e-01
483	2.1020577624e-01
484	2.1215244131e-01
485	2.1413110635e-01
486	2.1326505578e-01
487	2.2041622940e-01
488	2.1590628438e-01
489	2.1633336096e-01
490	2.4473579919e-01
491	2.3271980905e-01
492	2.2950340143e-01
493	2.2479981555e-01
494	2.2217745873e-01
495	2.2228740735e-01
496	2.3884247069e-01
497	2.2743981338e-01
498	2.4475179918e-01
499	2.3276042440e-01
500	2.3074237478e-01
501	2.5873537745e-01
502	2.3184965592e-01
503	2.3765149731e-01
504	2.3712472851e-01
505	2.4013559784e-01
506	2.3784308690e-01
507	2.3850482994e-01
508	2.4181149390e-01
509	2.8284202433e-01
510	2.4444738917e-01
511	2.4251672409e-01
512	8.3060403643e-01
513	2.5522604699e-01
514	2.5149887056e-01
515	2.5132369122e-01
516	2.5407281717e-01
517	2.7704387525e-01
518	2.5442440663e-01
519	2.6022173520e-01
520	2.7799279754e-01
521	2.6372039900e-01
522	2.7807279748e-01
523	2.8206048651e-01
524	2.6581926907e-01
525	2.8234889653e-01
526	2.7507874865e-01
527	2.8080387216e-01
528	3.1879932817e-01
